425984
393216
393216
360448
425984
425984
393216
393216
393216
425984
393216
425984
458752
491520
458752
458752
491520
491520
524288
524288
524288
524288
524288
491520
524288
524288
524288
524288
557056
524288
524288
557056
557056
557056
557056
524288
557056
557056
524288
557056
557056
524288
589824
589824
557056
524288
557056
589824
589824
589824
557056
589824
589824
589824
589824
557056
589824
589824
589824
557056
589824
557056
589824
557056
622592
622592
589824
622592
589824
589824
589824
589824
589824
589824
589824
589824
589824
589824
589824
589824
589824
622592
622592
622592
622592
655360
655360
655360
655360
655360
655360
688128
655360
655360
688128
688128
655360
688128
655360
688128
655360
688128
720896
688128
720896
720896
720896
688128
688128
720896
688128
688128
688128
688128
688128
655360
655360
655360
655360
655360
688128
688128
688128
688128
688128
688128
655360
688128
655360
655360
655360
655360
655360
655360
655360
655360
655360
655360
622592
655360
655360
622592
622592
655360
655360
655360
622592
655360
622592
622592
622592
655360
622592
622592
622592
655360
589824
688128
655360
622592
655360
622592
655360
622592
622592
622592
622592
622592
622592
622592
622592
589824
589824
589824
589824
557056
524288
557056
524288
524288
557056
524288
524288
524288
557056
524288
524288
557056
557056
557056
557056
557056
589824
622592
622592
589824
589824
589824
622592
622592
622592
622592
622592
622592
622592
622592
622592
622592
622592
622592
622592
655360
622592
622592
622592
622592
622592
622592
622592
622592
622592
622592
622592
622592
622592
622592
622592
622592
622592
655360
688128
688128
655360
655360
655360
655360
655360
655360
655360
622592
655360
622592
655360
688128
655360
655360
655360
655360
655360
622592
655360
688128
688128
655360
655360
688128
622592
655360
655360
655360
655360
655360
655360
655360
622592
622592
655360
622592
622592
622592
622592
622592
589824
589824
589824
589824
589824
589824
589824
589824
589824
589824
589824
589824
589824
589824
557056
557056
557056
557056
557056
557056
557056
524288
557056
524288
524288
557056
524288
557056
524288
557056
557056
557056
557056
557056
491520
557056
524288
524288
524288
491520
557056
524288
524288
524288
524288
491520
524288
491520
524288
491520
491520
491520
491520
491520
491520
491520
491520
491520
491520
491520
491520
491520
491520
491520
491520
458752
458752
458752
458752
425984
458752
425984
425984
393216
393216
393216
393216
393216
393216
393216
393216
393216
425984
393216
425984
425984
393216
393216
393216
