535452
692624
787375
877630
849577
894233
826087
719229
613095
530232
482023
477746
468249
449255
432871
425984
425984
425984
419097
409600
400103
393216
393216
393216
393216
393216
393216
393216
393216
393216
393216
393216
393216
400103
409600
412210
416487
423374
435481
451865
458752
458752
451865
442368
432871
425984
432871
442368
451865
465639
475136
484633
491520
491520
498407
501017
501017
505294
501017
501017
498407
491520
498407
507904
510514
514791
514791
510514
521678
531175
536395
547559
547559
543282
540672
538062
540672
550169
563943
573440
582937
589824
589824
589824
589824
589824
589824
596711
606208
622592
638976
648473
655360
655360
655360
655360
655360
655360
662247
671744
681241
688128
688128
688128
688128
688128
688128
688128
695015
704512
714009
720896
720896
720896
727783
737280
753664
770048
779545
786432
793319
809703
828697
845081
851968
845081
828697
837251
865742
906340
943385
950272
950272
950272
943385
933888
924391
910617
894233
875239
858855
851968
851968
851968
845081
842471
835584
828697
826087
819200
819200
819200
812313
809703
795929
779545
767438
753664
753664
753664
753664
753664
753664
753664
753664
753664
746777
744167
737280
737280
744167
746777
753664
746777
737280
734670
737280
746777
753664
753664
753664
753664
753664
753664
753664
746777
744167
744167
746777
746777
744167
744167
746777
753664
753664
760551
770048
779545
786432
786432
786432
786432
786432
786432
786432
786432
786432
786432
786432
779545
776935
776935
786432
795929
795929
800206
802816
812313
819200
819200
819200
819200
819200
819200
819200
819200
819200
819200
812313
816590
832974
854578
877849
877849
889013
901120
899453
884736
849358
832974
835584
838194
835584
826087
812313
802816
793319
786432
779545
770048
760551
753664
753664
746777
737280
727783
714009
704512
695015
688128
688128
688128
681241
671744
662247
662247
664857
664857
655360
638976
636366
632089
632089
622592
606208
596711
589824
596711
599321
599321
589824
573440
563943
557056
557056
557056
550169
540672
531175
524288
524288
524288
517401
514791
507904
501017
498407
491520
484633
482023
475136
468249
472526
468249
468249
465639
458752
458752
465639
475136
477746
482023
475136
468249
465639
458752
458752
458752
458752
458752
451865
449255
449255
444978
442368
432871
425984
425984
425984
425984
425984
425984
425984
425984
425984
425984
425984
425984
425984
425984
419097
409600
406990
402713
409600
409600
402713
400103
393216
393216
393216
393216
393216
393216
393216
393216
393216
386329
383719
383719
386329
